   grae->SetPoint(0,0.1197284,2.782675e-10);
   grae->SetPointError(0,0.01972841,0.02705159,4.320226e-12,4.320226e-12);
   grae->SetPoint(1,0.175736,1.371493e-10);
   grae->SetPointError(1,0.02895604,0.03970396,3.437277e-12,3.437277e-12);
   grae->SetPoint(2,0.2579454,6.840274e-11);
   grae->SetPointError(2,0.04250545,0.05828455,3.201041e-12,3.201041e-12);
   grae->SetPoint(3,0.3786163,3.922656e-11);
   grae->SetPointError(3,0.06238629,0.08554371,3.036997e-12,3.036997e-12);
   grae->SetPoint(4,0.5557299,3.79908e-11);
   grae->SetPointError(4,0.09156994,0.1255601,3.317519e-12,3.317519e-12);
   grae->SetPoint(5,0.8156986,3.746278e-11);
   grae->SetPointError(5,0.1344086,0.1843014,3.640678e-12,3.640678e-12);
   grae->SetPoint(6,1.197284,2.859329e-11);
   grae->SetPointError(6,0.1972841,0.2705159,3.89845e-12,3.89845e-12);
   grae->SetPoint(7,1.757371,3.660324e-11);
   grae->SetPointError(7,0.2895711,0.3970589,4.20265e-12,4.20265e-12);
   grae->SetPoint(8,2.579468,4.329536e-11);
   grae->SetPointError(8,0.4250375,0.5828125,4.663271e-12,4.663271e-12);
   grae->SetPoint(9,3.786146,4.741375e-11);
   grae->SetPointError(9,0.6238659,0.8554441,5.152214e-12,5.152214e-12);
   grae->SetPoint(10,5.5573,6.087261e-11);
   grae->SetPointError(10,0.9157098,1.25562,5.770672e-12,5.770672e-12);
   grae->SetPoint(11,8.156999,6.221362e-11);
   grae->SetPointError(11,1.344079,1.843001,6.120325e-12,6.120325e-12);
   grae->SetPoint(12,12.9863,8.188062e-11);
   grae->SetPointError(12,2.986296,4.796494,5.886341e-12,5.886341e-12);
   grae->SetPoint(13,23.09326,9.476316e-11);
   grae->SetPointError(13,5.310472,8.529518,7.09109e-12,7.09109e-12);
   grae->SetPoint(14,41.06628,9.320332e-11);
   grae->SetPointError(14,9.443498,15.16785,8.569925e-12,8.569925e-12);
   grae->SetPoint(15,73.02731,8.268462e-11);
   grae->SetPointError(15,16.79318,26.97269,1.073483e-11,1.073483e-11);
   grae->SetPoint(16,129.863,8.038287e-11);
   grae->SetPointError(16,29.86297,47.96497,1.435097e-11,1.435097e-11);
   grae->SetPoint(17,225.9676,7.980947e-11);
   grae->SetPointError(17,48.1397,74.03236,1.934809e-11,1.934809e-11);  